WL          Excit           loggf   ele      num    Ion lt
-------     ---------       ------- ---      ---    -----
5247.06     0.09     -4.941  FeI      26.0
5855.08     4.61     -1.531  FeI      26.0
6056.01     4.73     -0.489  FeI      26.0
6200.32     2.61     -2.397  FeI      26.0
6733.15     4.64     -1.429  FeI      26.0
6750.16     2.42     -2.615  FeI      26.0
4523.40     3.65     -1.871  FeI      26.0
4531.62     3.21     -1.801  FeI      26.0
4537.67     3.27     -2.870  FeI      26.0
4551.65     3.94     -1.928  FeI      26.0
4554.46     2.87     -2.752  FeI      26.0
4556.93     3.25     -2.644  FeI      26.0
4561.41     2.76     -2.879  FeI      26.0
4566.52     3.30     -2.156  FeI      26.0
4574.22     3.21     -2.353  FeI      26.0
4574.72     2.28     -2.823  FeI      26.0
4579.33     2.83     -3.024  FeI      26.0
4593.53     3.94     -1.921  FeI      26.0
4596.41     3.65     -2.090  FeI      26.0
4602.00     1.61     -3.163  FeI      26.0
4602.95     1.49     -2.291  FeI      26.0
4607.65     3.98     -0.754  FeI      26.0
4625.05     3.24     -1.222  FeI      26.0
4630.12     2.28     -2.488  FeI      26.0
4631.49     4.55     -1.890  FeI      26.0
4635.85     2.85     -2.384  FeI      26.0
4661.54     4.56     -1.186  FeI      26.0
4690.14     3.69     -1.550  FeI      26.0
4741.53     2.83     -2.027  FeI      26.0
4749.95     4.56     -1.236  FeI      26.0
4757.58     3.27     -1.988  FeI      26.0
4772.82     1.56     -2.752  FeI      26.0
4779.44     3.42     -2.162  FeI      26.0
4780.81     3.25     -3.236  FeI      26.0
4787.83     3.00     -2.532  FeI      26.0
4788.76     3.24     -1.791  FeI      26.0
4789.65     3.55     -1.171  FeI      26.0
4793.97     3.05     -3.464  FeI      26.0
4794.36     2.42     -3.892  FeI      26.0
4799.41     3.64     -2.073  FeI      26.0
4802.52     4.61     -1.714  FeI      26.0
4802.88     3.69     -1.527  FeI      26.0
4808.15     3.25     -2.630  FeI      26.0
4809.94     3.57     -2.542  FeI      26.0
4811.05     3.07     -3.182  FeI      26.0
4885.43     3.88     -1.136  FeI      26.0
4905.14     3.93     -1.818  FeI      26.0
4924.77     2.28     -2.058  FeI      26.0
4946.39     3.37     -1.049  FeI      26.0
4952.65     4.21     -1.184  FeI      26.0
4961.92     3.63     -2.301  FeI      26.0
4962.58     4.18     -1.209  FeI      26.0
4967.90     4.19     -0.720  FeI      26.0
4993.70     4.21     -1.138  FeI      26.0
4994.14     0.92     -3.171  FeI      26.0
5049.82     2.28     -1.432  FeI      26.0
5044.22     2.85     -2.038  FeI      26.0
5054.65     3.64     -1.992  FeI      26.0
5067.15     4.22     -0.860  FeI      26.0
5068.77     2.94     -1.074  FeI      26.0
5072.68     4.22     -0.983  FeI      26.0
5074.76     4.22     -0.229  FeI      26.0
5083.34     0.96     -3.047  FeI      26.0
5088.15     4.15     -1.554  FeI      26.0
5090.78     4.26     -0.514  FeI      26.0
5107.45     0.99     -3.151  FeI      26.0
5107.65     1.56     -2.600  FeI      26.0
5109.65     4.30     -0.736  FeI      26.0
5127.36     0.92     -3.317  FeI      26.0
5129.63     3.94     -1.469  FeI      26.0
5141.74     2.42     -2.125  FeI      26.0
5143.73     2.20     -3.811  FeI      26.0
5151.91     1.01     -3.155  FeI      26.0
5159.06     4.28     -0.846  FeI      26.0
5180.06     4.47     -1.105  FeI      26.0
5187.91     4.14     -1.202  FeI      26.0
5194.95     1.56     -2.333  FeI      26.0
5195.48     4.22     -0.441  FeI      26.0
5196.06     4.26     -0.827  FeI      26.0
5197.94     4.30     -1.491  FeI      26.0
5198.72     2.22     -2.164  FeI      26.0
5217.40     3.21     -1.082  FeI      26.0
5223.19     3.63     -2.252  FeI      26.0
5225.53     0.11     -4.773  FeI      26.0
5228.38     4.22     -1.095  FeI      26.0
5229.86     3.28     -0.935  FeI      26.0
5242.50     3.63     -1.124  FeI      26.0
5243.78     4.26     -1.022  FeI      26.0
5250.21     0.12     -4.870  FeI      26.0
5253.02     2.28     -3.855  FeI      26.0
5253.47     3.28     -1.591  FeI      26.0
5263.31     3.27     -0.864  FeI      26.0
5288.53     3.69     -1.612  FeI      26.0
5293.96     4.14     -1.747  FeI      26.0
5294.55     3.64     -2.627  FeI      26.0
5295.32     4.42     -1.518  FeI      26.0
5361.62     4.42     -1.205  FeI      26.0
5373.71     4.47     -0.841  FeI      26.0
5376.83     4.29     -2.040  FeI      26.0
5379.58     3.69     -1.552  FeI      26.0
5386.34     4.15     -1.709  FeI      26.0
5389.48     4.42     -0.534  FeI      26.0
5395.22     4.45     -1.724  FeI      26.0
5398.28     4.45     -0.684  FeI      26.0
5401.27     4.32     -1.712  FeI      26.0
5406.78     4.37     -1.429  FeI      26.0
5409.14     4.37     -1.051  FeI      26.0
5417.04     4.42     -1.404  FeI      26.0
5432.95     4.45     -0.729  FeI      26.0
5436.30     4.39     -1.319  FeI      26.0
5436.59     2.28     -3.267  FeI      26.0
5441.34     4.31     -1.558  FeI      26.0
5461.55     4.45     -1.570  FeI      26.0
5464.28     4.14     -1.595  FeI      26.0
5466.99     3.65     -2.141  FeI      26.0
5473.17     4.19     -1.986  FeI      26.0
5481.25     4.10     -1.203  FeI      26.0
5491.83     4.19     -2.195  FeI      26.0
5522.45     4.21     -1.419  FeI      26.0
5534.66     4.15     -2.391  FeI      26.0
5538.52     3.63     -2.090  FeI      26.0
5543.94     4.22     -1.070  FeI      26.0
5546.51     4.37     -1.124  FeI      26.0
5547.00     4.22     -1.741  FeI      26.0
5553.58     4.43     -1.321  FeI      26.0
5560.22     4.43     -1.064  FeI      26.0
5567.40     2.61     -2.594  FeI      26.0
5577.03     5.03     -1.485  FeI      26.0
5584.77     3.57     -2.189  FeI      26.0
5587.58     4.14     -1.656  FeI      26.0
5594.66     4.55     -0.858  FeI      26.0
5618.64     4.21     -1.298  FeI      26.0
5619.60     4.39     -1.435  FeI      26.0
5633.95     4.99     -0.385  FeI      26.0
5635.83     4.26     -1.556  FeI      26.0
5636.70     3.64     -2.511  FeI      26.0
5638.27     4.22     -0.809  FeI      26.0
5641.44     4.26     -0.969  FeI      26.0
5649.99     5.10     -0.785  FeI      26.0
5651.47     4.47     -1.763  FeI      26.0
5652.32     4.26     -1.751  FeI      26.0
5653.87     4.39     -1.402  FeI      26.0
5661.35     4.28     -1.828  FeI      26.0
5662.52     4.18     -0.601  FeI      26.0
5667.52     4.18     -1.292  FeI      26.0
5679.03     4.65     -0.756  FeI      26.0
5680.24     4.19     -2.330  FeI      26.0
5701.55     2.56     -2.162  FeI      26.0
5715.09     4.28     -0.847  FeI      26.0
5720.90     4.55     -1.805  FeI      26.0
5731.77     4.26     -1.124  FeI      26.0
5738.24     4.22     -2.164  FeI      26.0
5741.85     4.26     -1.626  FeI      26.0
5752.04     4.55     -0.917  FeI      26.0
5775.08     4.22     -1.124  FeI      26.0
5778.46     4.15     -1.967  FeI      26.0
5793.92     4.22     -1.622  FeI      26.0
5806.73     4.61     -0.877  FeI      26.0
5809.22     3.88     -1.614  FeI      26.0
5811.92     4.14     -2.333  FeI      26.0
5814.81     4.28     -1.820  FeI      26.0
5815.22     4.15     -2.364  FeI      26.0
5827.88     3.28     -3.147  FeI      26.0
5852.22     4.55     -1.190  FeI      26.0
5853.15     1.49     -5.130  FeI      26.0
5856.09     4.29     -1.572  FeI      26.0
5862.36     4.55     -0.404  FeI      26.0
5902.48     4.59     -1.797  FeI      26.0
5905.68     4.65     -0.775  FeI      26.0
5916.26     2.45     -2.920  FeI      26.0
5927.79     4.65     -1.057  FeI      26.0
5929.68     4.55     -1.211  FeI      26.0
5930.19     4.65     -0.326  FeI      26.0
5934.66     3.93     -1.091  FeI      26.0
5956.70     0.86     -4.526  FeI      26.0
5983.69     4.55     -0.719  FeI      26.0
5984.82     4.73     -0.335  FeI      26.0
5987.07     4.79     -0.478  FeI      26.0
6005.55     2.59     -3.479  FeI      26.0
6024.06     4.55     -0.124  FeI      26.0
6027.06     4.08     -1.178  FeI      26.0
6034.04     4.31     -2.306  FeI      26.0
6035.34     4.29     -2.476  FeI      26.0
6054.08     4.37     -2.237  FeI      26.0
6065.49     2.61     -1.616  FeI      26.0
6078.49     4.79     -0.364  FeI      26.0
6079.01     4.65     -1.008  FeI      26.0
6082.72     2.22     -3.566  FeI      26.0
6089.57     4.58     -1.273  FeI      26.0
6094.38     4.65     -1.566  FeI      26.0
6096.67     3.98     -1.776  FeI      26.0
6098.25     4.56     -1.755  FeI      26.0
6120.25     0.92     -5.894  FeI      26.0
6127.91     4.14     -1.417  FeI      26.0
6151.62     2.18     -3.298  FeI      26.0
6157.73     4.08     -1.238  FeI      26.0
6159.38     4.61     -1.878  FeI      26.0
6165.36     4.14     -1.502  FeI      26.0
6173.34     2.22     -2.877  FeI      26.0
6180.21     2.73     -2.632  FeI      26.0
6187.99     3.94     -1.620  FeI      26.0
6213.44     2.22     -2.580  FeI      26.0
6219.29     2.20     -2.463  FeI      26.0
6220.79     3.88     -2.330  FeI      26.0
6226.74     3.88     -2.069  FeI      26.0
6229.24     2.85     -2.866  FeI      26.0
6232.65     3.65     -1.240  FeI      26.0
6240.65     2.22     -3.292  FeI      26.0
6265.14     2.18     -2.559  FeI      26.0
6270.23     2.86     -2.573  FeI      26.0
6290.98     4.73     -0.576  FeI      26.0
6297.80     2.22     -2.777  FeI      26.0
6303.46     4.32     -2.492  FeI      26.0
6315.81     4.08     -1.645  FeI      26.0
6322.69     2.59     -2.368  FeI      26.0
6335.34     2.20     -2.339  FeI      26.0
6336.83     3.69     -0.858  FeI      26.0
6358.68     0.86     -3.907  FeI      26.0
6380.75     4.19     -1.322  FeI      26.0
6385.72     4.73     -1.828  FeI      26.0
6392.54     2.28     -3.942  FeI      26.0
6430.85     2.18     -2.127  FeI      26.0
6481.88     2.28     -2.929  FeI      26.0
6498.94     0.96     -4.627  FeI      26.0
6581.21     1.49     -4.706  FeI      26.0
6593.88     2.43     -2.384  FeI      26.0
6608.03     2.28     -3.967  FeI      26.0
6609.12     2.56     -2.632  FeI      26.0
6625.02     1.01     -5.284  FeI      26.0
6627.55     4.55     -1.475  FeI      26.0
6646.94     2.61     -3.915  FeI      26.0
6653.86     4.15     -2.407  FeI      26.0
6699.15     4.59     -2.106  FeI      26.0
6703.57     2.76     -3.022  FeI      26.0
6705.11     4.61     -1.057  FeI      26.0
6710.32     1.49     -4.810  FeI      26.0
6713.05     4.61     -1.514  FeI      26.0
6713.20     4.14     -2.438  FeI      26.0
6713.74     4.79     -1.425  FeI      26.0
6725.36     4.10     -2.187  FeI      26.0
6726.67     4.61     -1.045  FeI      26.0
6732.07     4.58     -2.144  FeI      26.0
6739.52     1.56     -4.902  FeI      26.0
6745.11     4.58     -2.094  FeI      26.0
6745.97     4.08     -2.657  FeI      26.0
6752.71     4.64     -1.234  FeI      26.0
6786.86     4.19     -1.886  FeI      26.0
6793.26     4.58     -1.901  FeI      26.0
6806.85     2.73     -3.103  FeI      26.0
6810.27     4.61     -0.995  FeI      26.0
6820.37     4.64     -1.134  FeI      26.0
6828.60     3.57     -1.871  FeI      26.0
6833.23     4.64     -1.975  FeI      26.0
6837.01     4.59     -1.732  FeI      26.0
6839.84     2.56     -3.377  FeI      26.0
6842.69     4.64     -1.169  FeI      26.0
6843.66     4.55     -0.867  FeI      26.0
6855.72     4.61     -1.674  FeI      26.0
6857.25     4.08     -2.075  FeI      26.0
6858.15     4.61     -0.972  FeI      26.0
6861.94     2.42     -3.795  FeI      26.0
6862.50     4.56     -1.437  FeI      26.0
6864.32     4.56     -2.229  FeI      26.0
4508.28     2.86     -2.403  FeII     26.1
4520.22     2.81     -2.563  FeII     26.1
4534.17     2.86     -3.203  FeII     26.1
4541.52     2.86     -2.762  FeII     26.1
4576.34     2.84     -2.947  FeII     26.1
4582.84     2.84     -3.076  FeII     26.1
4620.51     2.83     -3.234  FeII     26.1
4629.34     2.81     -2.262  FeII     26.1
4656.98     2.89     -3.676  FeII     26.1
4670.17     2.58     -4.011  FeII     26.1
4923.93     2.89     -1.541  FeII     26.1
5132.67     2.81     -4.008  FeII     26.1
5197.57     3.23     -2.293  FeII     26.1
5234.63     3.22     -2.235  FeII     26.1
5256.94     2.89     -4.019  FeII     26.1
5264.81     3.23     -3.091  FeII     26.1
5284.11     2.89     -3.132  FeII     26.1
5414.07     3.22     -3.568  FeII     26.1
5425.25     3.20     -3.234  FeII     26.1
5427.81     6.72     -1.481  FeII     26.1
5525.12     3.27     -4.000  FeII     26.1
5534.85     3.25     -2.792  FeII     26.1
5991.38     3.15     -3.539  FeII     26.1
6084.11     3.20     -3.774  FeII     26.1
6113.32     3.22     -4.108  FeII     26.1
6149.25     3.89     -2.719  FeII     26.1
6238.39     3.89     -2.526  FeII     26.1
6239.94     3.89     -3.448  FeII     26.1
6247.56     3.89     -2.347  FeII     26.1
6369.46     2.89     -4.131  FeII     26.1
6407.29     3.89     -2.899  FeII     26.1
6416.93     3.89     -2.625  FeII     26.1
6432.69     2.89     -3.572  FeII     26.1
6442.97     5.55     -2.399  FeII     26.1
6456.39     3.90     -2.110  FeII     26.1
6516.09     2.89     -3.279  FeII     26.1
6160.75	2.10	-1.363	NaI	11.0	54.3 
6319.24	5.11	-2.300	MgI	12.0	25.2
6318.72	5.11	-1.996	MgI	12.0	-1
5517.54	5.08	-2.496	SiI	14.0	12.9 
5621.60	5.08	-2.500	SiI	14.0	-1	
5645.61	4.93	-2.068	SiI	14.0	35.8 
5684.49	4.95	-1.642	SiI	14.0	61.2
5690.43	4.93	-1.790	SiI	14.0	-1
5701.11	4.93	-2.034	SiI	14.0	37.7 
5753.64	5.62	-1.333	SiI	14.0	45.7 
5772.15	5.08	-1.669	SiI	14.0	52.0 
5797.87	4.95	-1.912	SiI	14.0	43.9
6125.02	5.61	-1.555	SiI	14.0	31.7 
6142.49	5.62	-1.520	SiI	14.0	33.1
6145.02	5.62	-1.425	SiI	14.0	38.8 
6195.46	5.87	-1.666	SiI	14.0	17.1 
6237.33	5.61	-1.116	SiI	14.0	61.1 
6243.82	5.62	-1.331	SiI	14.0	44.8
6244.48	5.62	-1.310	SiI	14.0	46.2 
6721.85	5.86	-1.156	SiI	14.0	44.0
6741.63	5.98	-1.625	SiI	14.0	15.5 
6156.02	2.52	-2.497	CaI	20.0	9.6
4743.82	1.45	0.297	ScI	21.0	8.0 
5520.50	1.87	0.562	ScI	21.0	6.6 
5671.82	1.45	0.533	ScI	21.0	14.6 
4555.49	0.85	-0.575	TiI	22.0	63.7 
4562.63	0.02	-2.718	TiI	22.0	10.9 
4656.47	0.00	-1.308	TiI	22.0	68.6 
4675.11	1.07	-0.939	TiI	22.0	38.1 
4997.10	0.00	-2.174	TiI	22.0	31.6 
5219.70	0.02	-2.254	TiI	22.0	28.1 
5490.16	1.46	-1.008	TiI	22.0	21.4 
5739.48	2.25	-0.781	TiI	22.0	7.7 
6064.63	1.05	-1.941	TiI	22.0	8.3 
6091.18	2.27	-0.445	TiI	22.0	15.0 
6126.22	1.07	-1.416	TiI	22.0	22.1 
6258.11	1.44	-0.435	TiI	22.0	51.5 
6261.10	1.43	-0.491	TiI	22.0	49.2 
6599.12	0.90	-2.069	TiI	22.0	9.3 
4600.75	1.00	-1.457	CrI	24.0	82.3 
4626.18	0.97	-1.467	CrI	24.0	83.3 
4964.93	0.94	-2.577	CrI	24.0	38.1 
5300.75	0.98	-2.125	CrI	24.0	58.9 
6330.13	0.94	-2.92	CrI	24.0	-1
4588.20	4.07	-0.752	CrII	24.1	68.5 
4592.05	4.07	-1.252	CrII	24.1	47.6 
5670.85	1.08	-0.482	VI	23.0	18.8	
5703.59	1.05	-0.460	VI	23.0	-1
5727.05	1.08	0.000	VI	23.0	-1
5737.07	1.06	-0.815	VI	23.0	10.4
6039.73	1.06	-0.650	VI	32.0	-1
6081.45	1.05	-0.692	VI	23.0	14.1
6090.21	1.08	-0.150	VI	23.0	-1
6111.65	1.04	-0.715	VI	23.0	-1
6135.36	1.05	-0.746	VI	23.0	-1
6216.35	0.28	-0.900	VI	23.0	-1
6224.51	0.29	-1.935	VI	23.0	5.3
6251.83	0.29	-1.431	VI	23.0	15.0
6274.66	0.27	-1.751	VI	23.0	8.3
6285.17	0.28	-1.676	VI	23.0	9.5
4594.63	3.63	-0.279	CoI	27.0	12.5
4512.99	3.71	-1.467	NiI	28.0	19.4
4952.29	3.61	-1.261	NiI	28.0	32.3
5010.94	3.63	-0.901	NiI	28.0	48.8
5625.32	4.09	-0.731	NiI	28.0	37.8
5628.35	4.09	-1.316	NiI	28.0	14.7
5641.88	4.11	-1.017	NiI	28.0	24.1
5643.08	4.16	-1.234	NiI	28.0	15.1
5682.20	4.10	-0.39	NiI	28.0	-1
5694.99	4.09	-0.629	NiI	28.0	43.1
5748.36	1.68	-3.279	NiI	28.0	28.0
5805.22	4.17	-0.604	NiI	28.0	40.8
5996.73	4.24	-1.010	NiI	28.0	20.3
6086.29	4.27	-0.471	NiI	28.0	43.5
6111.08	4.09	-0.823	NiI	28.0	34.2
6119.76	4.27	-1.316	NiI	28.0	10.9
6128.98	1.68	-3.368	NiI	28.0	25.3
6130.14	4.27	-0.938	NiI	28.0	22.1
6175.37	4.09	-0.534	NiI	28.0	49.0
6176.82	4.09	-0.266	NiI	28.0	63.7
6177.25	1.83	-3.538	NiI	28.0	14.6
6186.72	4.11	-0.888	NiI	28.0	30.5
6204.61	4.09	-1.112	NiI	28.0	22.0
6223.99	4.11	-0.954	NiI	28.0	27.7
6230.10	4.11	-1.132	NiI	28.0	20.6
6322.17	4.15	-1.164	NiI	28.0	18.4
6378.26	4.15	-0.830	NiI	28.0	31.8
6598.60	4.24	-0.914	NiI	28.0	24.9
6635.13	4.42	-0.779	NiI	28.0	23.6